11111011011110100101110101101111011011111111001101101110001111100110011110000111110101000010001000001010011000001111110101101011
01110110010001111011011111110000010110110011010010110101001001110001111100101100010001101110101101100110010101001100110010100110
10010111001100001001110101101011000100010100011110111100110000101000001011000110100011010001110000000010101010011011100100001101
10011110110011100000010100011110010100001111010110011000000001100001100101000010000000001100111010111010110111010011001111110111
11001100100001101101000110100001111011101010101000011111101000001100101110101110110101101001110110001011110101101100001110011100
00000101000010000100000101011101111100010001010010111100010001100011100100100100110010101100110011111110100000010101011010111011
01001100110011110110111111010110101001010010000110010011010110001000001100001010000100011011100010010001100011111100000011101011
01111111111011000101111110100000001111001110110110100110100011111000111111011100010111101100100111100101111111001100101100000000
01111101000011100001000010001010010010011001110011001101110000010001100010101101111111001001111101000001111010011111001000111011
00101010001011001101011110001110101111110000100101000011011000010010111100010100110001010111001100111110001011001100110110011110
10110110000000000101010111111101111000110111110010000100100010010011000000111100001001110000010010110011011101111110111011111010
01010100001111101101001010010001110100100000101111101010111100100111011110010110000001001111101000101010100001010110001100011010
10011101101010010111100101100001110110110001111001000110000101000000100011110100101101100110110110110100101101101100111110110111
11010111011010001100010010001000110000011101111010010000011101010001010110010110110101010001110110101000000101001000111101001110
10001011100011100110010101010010010010001000111110101001001111011100011000011000010000110101001101101100100001000100000011110101
11011101011001111000001110010010100101000110010101001110110001100001111011010100000001011011011101100101110010110000101001111010
01101001101100111110110111101001100110001101001000111111101000000101101000100110111011111111000101100011101101000000010110111110
10110101111111001001001101011111001000001001010011101111011011110001110111111001011010100101000100110001001101001111110011110111
01101010010111101111010100110101011001000011001010000000001111001000011001111111101111111010110010000001100111000101110110011100
00111001100011001011000111000010010001010110110111000110011011111110001101111111010000111011010110010101011011100100100101001111
00000101000000010000000011011101011011101111111011000011110000011101010100010111001111110011101001111010100101101010101001010111
11001110111001001111100010010111111001000000100010001101010000100111101000001001101101000000011011010100100100001111010101111010
10101011110010100010100001001101110111100001010010110001101010010011100111001001110111011110110100111111100000010111101010010000
01001110111111110001011110011001001001110010111010010110101010101110101111111011010011010100100001100110101100000001011001101011
11110100000101101010011111011001010000111001000100100101111100001101111001010100111111100111001010010001011100001110011001010111
10001011100110011001111100000010011001101111001111110010110111111001000101000101110010100001100010111000011101011110010110000001
11011100000001001111010101000000001001011001100011110111101101101100001001101100100110001011001111111100001010111110011010100000
11110111010011101011110111100101011010100000101101101101000000110101000101100011001001100010101011101011000100001100010011111010
11000100100010001100100001100100010110101100100110100110011101100100110111101101011001110000011111110011011110110111001001010011
01110010111111101010001101010000111000001101010010100001001001100000100001100100011010100100110011110100000101000111011101100101
11100101111101111111111010001010001101101001101001100001001010100100100111011000100110010001001000001011101011101000011111010100
11011111101100000111001000110011100010111111101010101110011011001000001001110111101011010001101010001011101011101000111110001011
00101100001000111111101111010111101010110010100100101100010110111111101111111111101010001110100101101001010110000011011101010100
00011000011000100111110111011110111100010110011001100001101100010000101001001110000111011010100101010001011110010110001100101000
10100110001001001111010011110000111001000001000000101100000101011001110110000100100000010001000111110001101100110110011011010000
01011000010100010100001100100110110000000100101111101110011010010011110001011001011111000110001111100101101010100111011100001010
11000110010111100111011100110011000100101011011110101110010001001100110101001011010110001101001101101000110000100110000101110110
01010011110101001100001111000100000000001001111001010101101011101010101100110110000101111000010101100111111000100011101010000011
01010100111111100011010100011111111000011000111011010101010101001101111111101011110111111010001001010010000111001111111100010001
10101101000110100100001000010001101100100100001010110011101000111110000011001100110011001111111011110100001110101010010101101000
10100100100010111001010010001001010010001001101010110111001011110011100110100100110101001111101011110100101100001111000010001111
01011001011001000010000100011001001010000111100100100011111100011000010001101010111011111010001110000110111000111000000011101001
11101111101111010011010001100001101001000110011101110000100001111100011011000011101110010001000011111100111110111110001011110110
10101100010100111011100010001110011110001011100110100011111001101001001111001010100110110100111101000001010010011111001100000110
00101011101100001110010000110001010101100100101111011010100110010100111001000010100001101000010000100100000111100100001011101111
11101111100110100111001011001000000010100010001011000110110010110100000111100010110000000011111000000100001101000110000010010101
11101100000100110100101101001110110111001010010101000000101001110111110011001001110100111101111100100001110110011100100111011110
11001000000011111110000011100001100101111001001101010100100101111111111011101001111100001001100011111111010101011010000100100011
00011100110100000111110001111001001111110001101011111101001001111010010100000000110110110001110010010010110001100111100011111100
00111110001001110110011011011110110111010011110011101101010001110011010111001110001011010101010100101000000000011110110110100001
